,class,score,frame_num,imdb_id,frame_id
0,medium_shot,1.0,0,40245,40245_0
1,medium_shot,1.0,119,40245,40245_119
2,medium_shot,1.0,238,40245,40245_238
3,medium_shot,1.0,357,40245,40245_357
4,medium_shot,1.0,476,40245,40245_476
5,medium_shot,1.0,595,40245,40245_595
6,medium_shot,1.0,714,40245,40245_714
7,medium_shot,1.0,833,40245,40245_833
8,medium_shot,1.0,952,40245,40245_952
9,medium_shot,1.0,1071,40245,40245_1071
10,medium_shot,1.0,1190,40245,40245_1190
11,close_up,1.0,1309,40245,40245_1309
12,close_up,1.0,1428,40245,40245_1428
13,medium_shot,1.0,1547,40245,40245_1547
14,close_up,1.0,1666,40245,40245_1666
15,close_up,1.0,1785,40245,40245_1785
16,medium_shot,1.0,1904,40245,40245_1904
17,medium_shot,1.0,2023,40245,40245_2023
18,medium_shot,1.0,2142,40245,40245_2142
19,close_up,1.0,2261,40245,40245_2261
20,medium_shot,1.0,2380,40245,40245_2380
21,medium_shot,1.0,2499,40245,40245_2499
22,medium_shot,1.0,2618,40245,40245_2618
23,medium_shot,1.0,2737,40245,40245_2737
24,medium_shot,1.0,2856,40245,40245_2856
25,medium_shot,1.0,2975,40245,40245_2975
26,medium_shot,1.0,3094,40245,40245_3094
27,medium_shot,1.0,3213,40245,40245_3213
28,close_up,1.0,3332,40245,40245_3332
29,close_up,1.0,3451,40245,40245_3451
30,medium_shot,1.0,3570,40245,40245_3570
31,close_up,1.0,3689,40245,40245_3689
32,medium_shot,1.0,3808,40245,40245_3808
33,medium_shot,1.0,3927,40245,40245_3927
34,medium_shot,1.0,4046,40245,40245_4046
35,medium_shot,1.0,4165,40245,40245_4165
36,close_up,0.6762525,4284,40245,40245_4284
37,close_up,1.0,4403,40245,40245_4403
38,close_up,1.0,4522,40245,40245_4522
39,close_up,1.0,4641,40245,40245_4641
40,medium_shot,1.0,4760,40245,40245_4760
41,medium_shot,1.0,4879,40245,40245_4879
42,medium_shot,1.0,4998,40245,40245_4998
43,medium_shot,1.0,5117,40245,40245_5117
44,medium_shot,1.0,5236,40245,40245_5236
45,medium_shot,1.0,5355,40245,40245_5355
46,medium_shot,1.0,5474,40245,40245_5474
47,medium_shot,1.0,5593,40245,40245_5593
48,medium_shot,1.0,5712,40245,40245_5712
49,close_up,0.9999342,5831,40245,40245_5831
50,close_up,1.0,5950,40245,40245_5950
51,medium_shot,1.0,6069,40245,40245_6069
52,medium_shot,1.0,6188,40245,40245_6188
53,close_up,1.0,6307,40245,40245_6307
54,close_up,1.0,6426,40245,40245_6426
55,close_up,1.0,6545,40245,40245_6545
56,medium_shot,1.0,6664,40245,40245_6664
57,medium_shot,1.0,6783,40245,40245_6783
58,medium_shot,1.0,6902,40245,40245_6902
59,close_up,1.0,7021,40245,40245_7021
60,medium_shot,1.0,7140,40245,40245_7140
61,close_up,1.0,7259,40245,40245_7259
62,close_up,1.0,7378,40245,40245_7378
63,close_up,1.0,7497,40245,40245_7497
64,medium_shot,1.0,7616,40245,40245_7616
65,medium_shot,1.0,7735,40245,40245_7735
66,medium_shot,1.0,7854,40245,40245_7854
67,medium_shot,1.0,7973,40245,40245_7973
68,medium_shot,1.0,8092,40245,40245_8092
69,medium_shot,1.0,8211,40245,40245_8211
70,medium_shot,1.0,8330,40245,40245_8330
71,medium_shot,1.0,8449,40245,40245_8449
72,close_up,1.0,8568,40245,40245_8568
73,medium_shot,0.99999964,8687,40245,40245_8687
74,medium_shot,1.0,8806,40245,40245_8806
75,medium_shot,1.0,8925,40245,40245_8925
76,medium_shot,1.0,9044,40245,40245_9044
77,medium_shot,1.0,9163,40245,40245_9163
78,medium_shot,1.0,9282,40245,40245_9282
79,medium_shot,1.0,9401,40245,40245_9401
80,long_shot,0.48675647,9520,40245,40245_9520
81,medium_shot,1.0,9639,40245,40245_9639
82,medium_shot,1.0,9758,40245,40245_9758
83,close_up,1.0,9877,40245,40245_9877
84,close_up,1.0,9996,40245,40245_9996
85,medium_shot,1.0,10115,40245,40245_10115
86,medium_shot,1.0,10234,40245,40245_10234
87,medium_shot,0.93353707,10353,40245,40245_10353
88,medium_shot,1.0,10472,40245,40245_10472
89,medium_shot,1.0,10591,40245,40245_10591
90,medium_shot,1.0,10710,40245,40245_10710
91,medium_shot,1.0,10829,40245,40245_10829
92,medium_shot,1.0,10948,40245,40245_10948
93,medium_shot,1.0,11067,40245,40245_11067
94,medium_shot,1.0,11186,40245,40245_11186
95,medium_shot,1.0,11305,40245,40245_11305
96,medium_shot,1.0,11424,40245,40245_11424
97,medium_shot,1.0,11543,40245,40245_11543
98,medium_shot,1.0,11662,40245,40245_11662
99,medium_shot,1.0,11781,40245,40245_11781
100,medium_shot,1.0,11900,40245,40245_11900
101,medium_shot,1.0,12019,40245,40245_12019
102,medium_shot,1.0,12138,40245,40245_12138
103,medium_shot,1.0,12257,40245,40245_12257
104,close_up,1.0,12376,40245,40245_12376
105,close_up,1.0,12495,40245,40245_12495
106,close_up,1.0,12614,40245,40245_12614
107,close_up,1.0,12733,40245,40245_12733
108,medium_shot,1.0,12852,40245,40245_12852
109,medium_shot,1.0,12971,40245,40245_12971
110,medium_shot,1.0,13090,40245,40245_13090
111,close_up,1.0,13209,40245,40245_13209
112,close_up,1.0,13328,40245,40245_13328
113,medium_shot,1.0,13447,40245,40245_13447
114,medium_shot,1.0,13566,40245,40245_13566
115,close_up,1.0,13685,40245,40245_13685
116,close_up,1.0,13804,40245,40245_13804
117,medium_shot,1.0,13923,40245,40245_13923
118,medium_shot,1.0,14042,40245,40245_14042
119,medium_shot,1.0,14161,40245,40245_14161
120,medium_shot,0.9997116,14280,40245,40245_14280
121,medium_shot,1.0,14399,40245,40245_14399
122,medium_shot,1.0,14518,40245,40245_14518
123,medium_shot,1.0,14637,40245,40245_14637
124,close_up,1.0,14756,40245,40245_14756
125,medium_shot,1.0,14875,40245,40245_14875
126,medium_shot,1.0,14994,40245,40245_14994
127,medium_shot,1.0,15113,40245,40245_15113
128,medium_shot,1.0,15232,40245,40245_15232
129,medium_shot,1.0,15351,40245,40245_15351
130,medium_shot,1.0,15470,40245,40245_15470
131,medium_shot,1.0,15589,40245,40245_15589
132,medium_shot,1.0,15708,40245,40245_15708
133,close_up,1.0,15827,40245,40245_15827
134,close_up,1.0,15946,40245,40245_15946
135,medium_shot,1.0,16065,40245,40245_16065
136,medium_shot,0.9409087,16184,40245,40245_16184
137,close_up,1.0,16303,40245,40245_16303
138,medium_shot,1.0,16422,40245,40245_16422
139,close_up,1.0,16541,40245,40245_16541
140,medium_shot,1.0,16660,40245,40245_16660
141,close_up,1.0,16779,40245,40245_16779
142,medium_shot,1.0,16898,40245,40245_16898
143,medium_shot,1.0,17017,40245,40245_17017
144,close_up,1.0,17136,40245,40245_17136
145,medium_shot,1.0,17255,40245,40245_17255
146,close_up,1.0,17374,40245,40245_17374
147,close_up,1.0,17493,40245,40245_17493
148,medium_shot,1.0,17612,40245,40245_17612
149,medium_shot,1.0,17731,40245,40245_17731
150,medium_shot,1.0,17850,40245,40245_17850
151,medium_shot,1.0,17969,40245,40245_17969
152,medium_shot,1.0,18088,40245,40245_18088
153,medium_shot,1.0,18207,40245,40245_18207
154,medium_shot,1.0,18326,40245,40245_18326
155,medium_shot,1.0,18445,40245,40245_18445
156,medium_shot,1.0,18564,40245,40245_18564
157,close_up,1.0,18683,40245,40245_18683
158,close_up,1.0,18802,40245,40245_18802
159,medium_shot,1.0,18921,40245,40245_18921
160,medium_shot,1.0,19040,40245,40245_19040
161,medium_shot,1.0,19159,40245,40245_19159
162,medium_shot,1.0,19278,40245,40245_19278
163,medium_shot,1.0,19397,40245,40245_19397
164,medium_shot,1.0,19516,40245,40245_19516
165,medium_shot,1.0,19635,40245,40245_19635
166,medium_shot,1.0,19754,40245,40245_19754
167,medium_shot,1.0,19873,40245,40245_19873
168,medium_shot,1.0,19992,40245,40245_19992
169,close_up,1.0,20111,40245,40245_20111
170,medium_shot,1.0,20230,40245,40245_20230
171,medium_shot,1.0,20349,40245,40245_20349
172,medium_shot,1.0,20468,40245,40245_20468
173,medium_shot,1.0,20587,40245,40245_20587
174,medium_shot,1.0,20706,40245,40245_20706
175,medium_shot,1.0,20825,40245,40245_20825
176,medium_shot,1.0,20944,40245,40245_20944
177,medium_shot,1.0,21063,40245,40245_21063
178,medium_shot,1.0,21182,40245,40245_21182
179,medium_shot,0.99999964,21301,40245,40245_21301
180,medium_shot,1.0,21420,40245,40245_21420
181,medium_shot,1.0,21539,40245,40245_21539
182,medium_shot,1.0,21658,40245,40245_21658
183,close_up,1.0,21777,40245,40245_21777
184,medium_shot,1.0,21896,40245,40245_21896
185,medium_shot,1.0,22015,40245,40245_22015
186,close_up,1.0,22134,40245,40245_22134
187,close_up,1.0,22253,40245,40245_22253
188,close_up,1.0,22372,40245,40245_22372
189,close_up,1.0,22491,40245,40245_22491
190,close_up,1.0,22610,40245,40245_22610
191,close_up,1.0,22729,40245,40245_22729
192,close_up,1.0,22848,40245,40245_22848
193,close_up,1.0,22967,40245,40245_22967
194,medium_shot,1.0,23086,40245,40245_23086
195,medium_shot,1.0,23205,40245,40245_23205
196,medium_shot,1.0,23324,40245,40245_23324
197,medium_shot,1.0,23443,40245,40245_23443
198,medium_shot,1.0,23562,40245,40245_23562
199,medium_shot,1.0,23681,40245,40245_23681
200,medium_shot,1.0,23800,40245,40245_23800
201,medium_shot,1.0,23919,40245,40245_23919
202,medium_shot,1.0,24038,40245,40245_24038
203,medium_shot,1.0,24157,40245,40245_24157
204,medium_shot,1.0,24276,40245,40245_24276
205,medium_shot,1.0,24395,40245,40245_24395
206,medium_shot,1.0,24514,40245,40245_24514
207,close_up,1.0,24633,40245,40245_24633
208,close_up,1.0,24752,40245,40245_24752
209,close_up,1.0,24871,40245,40245_24871
210,medium_shot,1.0,24990,40245,40245_24990
211,medium_shot,1.0,25109,40245,40245_25109
212,medium_shot,1.0,25228,40245,40245_25228
213,medium_shot,1.0,25347,40245,40245_25347
214,medium_shot,1.0,25466,40245,40245_25466
215,medium_shot,1.0,25585,40245,40245_25585
216,close_up,1.0,25704,40245,40245_25704
217,close_up,0.9999887,25823,40245,40245_25823
218,medium_shot,1.0,25942,40245,40245_25942
219,close_up,1.0,26061,40245,40245_26061
220,medium_shot,0.999987,26180,40245,40245_26180
221,medium_shot,1.0,26299,40245,40245_26299
222,medium_shot,1.0,26418,40245,40245_26418
223,medium_shot,1.0,26537,40245,40245_26537
224,medium_shot,0.95715785,26656,40245,40245_26656
225,medium_shot,1.0,26775,40245,40245_26775
226,medium_shot,1.0,26894,40245,40245_26894
227,medium_shot,1.0,27013,40245,40245_27013
228,close_up,1.0,27132,40245,40245_27132
229,medium_shot,1.0,27251,40245,40245_27251
230,medium_shot,1.0,27370,40245,40245_27370
231,medium_shot,1.0,27489,40245,40245_27489
232,close_up,1.0,27608,40245,40245_27608
233,medium_shot,1.0,27727,40245,40245_27727
234,medium_shot,1.0,27846,40245,40245_27846
235,medium_shot,1.0,27965,40245,40245_27965
236,close_up,1.0,28084,40245,40245_28084
237,close_up,0.7383686,28203,40245,40245_28203
238,close_up,1.0,28322,40245,40245_28322
239,medium_shot,1.0,28441,40245,40245_28441
240,medium_shot,1.0,28560,40245,40245_28560
241,medium_shot,1.0,28679,40245,40245_28679
242,medium_shot,1.0,28798,40245,40245_28798
243,medium_shot,1.0,28917,40245,40245_28917
244,medium_shot,1.0,29036,40245,40245_29036
245,medium_shot,1.0,29155,40245,40245_29155
246,medium_shot,1.0,29274,40245,40245_29274
247,medium_shot,1.0,29393,40245,40245_29393
248,medium_shot,1.0,29512,40245,40245_29512
249,close_up,1.0,29631,40245,40245_29631
250,medium_shot,1.0,29750,40245,40245_29750
251,medium_shot,1.0,29869,40245,40245_29869
252,close_up,1.0,29988,40245,40245_29988
253,medium_shot,1.0,30107,40245,40245_30107
254,medium_shot,1.0,30226,40245,40245_30226
255,close_up,1.0,30345,40245,40245_30345
256,medium_shot,1.0,30464,40245,40245_30464
257,medium_shot,1.0,30583,40245,40245_30583
258,medium_shot,1.0,30702,40245,40245_30702
259,medium_shot,1.0,30821,40245,40245_30821
260,close_up,1.0,30940,40245,40245_30940
261,medium_shot,1.0,31059,40245,40245_31059
262,medium_shot,1.0,31178,40245,40245_31178
263,medium_shot,1.0,31297,40245,40245_31297
264,medium_shot,1.0,31416,40245,40245_31416
265,close_up,1.0,31535,40245,40245_31535
266,medium_shot,1.0,31654,40245,40245_31654
267,medium_shot,1.0,31773,40245,40245_31773
268,medium_shot,1.0,31892,40245,40245_31892
269,medium_shot,1.0,32011,40245,40245_32011
270,medium_shot,1.0,32130,40245,40245_32130
271,medium_shot,1.0,32249,40245,40245_32249
272,medium_shot,1.0,32368,40245,40245_32368
273,medium_shot,1.0,32487,40245,40245_32487
274,medium_shot,1.0,32606,40245,40245_32606
275,medium_shot,1.0,32725,40245,40245_32725
276,medium_shot,1.0,32844,40245,40245_32844
277,medium_shot,1.0,32963,40245,40245_32963
278,medium_shot,1.0,33082,40245,40245_33082
279,medium_shot,1.0,33201,40245,40245_33201
280,medium_shot,1.0,33320,40245,40245_33320
281,medium_shot,1.0,33439,40245,40245_33439
282,medium_shot,1.0,33558,40245,40245_33558
283,medium_shot,1.0,33677,40245,40245_33677
284,close_up,1.0,33796,40245,40245_33796
285,medium_shot,1.0,33915,40245,40245_33915
286,medium_shot,1.0,34034,40245,40245_34034
287,medium_shot,1.0,34153,40245,40245_34153
288,medium_shot,1.0,34272,40245,40245_34272
289,medium_shot,1.0,34391,40245,40245_34391
290,medium_shot,1.0,34510,40245,40245_34510
291,medium_shot,1.0,34629,40245,40245_34629
292,medium_shot,1.0,34748,40245,40245_34748
293,medium_shot,1.0,34867,40245,40245_34867
294,close_up,1.0,34986,40245,40245_34986
295,close_up,1.0,35105,40245,40245_35105
296,medium_shot,1.0,35224,40245,40245_35224
297,medium_shot,1.0,35343,40245,40245_35343
298,medium_shot,1.0,35462,40245,40245_35462
299,close_up,1.0,35581,40245,40245_35581
300,close_up,1.0,35700,40245,40245_35700
301,close_up,1.0,35819,40245,40245_35819
302,medium_shot,1.0,35938,40245,40245_35938
303,close_up,1.0,36057,40245,40245_36057
304,medium_shot,1.0,36176,40245,40245_36176
305,medium_shot,1.0,36295,40245,40245_36295
306,close_up,1.0,36414,40245,40245_36414
307,medium_shot,1.0,36533,40245,40245_36533
308,close_up,1.0,36652,40245,40245_36652
309,close_up,1.0,36771,40245,40245_36771
310,medium_shot,1.0,36890,40245,40245_36890
311,close_up,1.0,37009,40245,40245_37009
312,close_up,1.0,37128,40245,40245_37128
313,close_up,1.0,37247,40245,40245_37247
314,close_up,1.0,37366,40245,40245_37366
315,medium_shot,1.0,37485,40245,40245_37485
316,medium_shot,1.0,37604,40245,40245_37604
317,medium_shot,1.0,37723,40245,40245_37723
318,medium_shot,1.0,37842,40245,40245_37842
319,close_up,1.0,37961,40245,40245_37961
320,close_up,1.0,38080,40245,40245_38080
321,medium_shot,1.0,38199,40245,40245_38199
322,close_up,1.0,38318,40245,40245_38318
323,medium_shot,1.0,38437,40245,40245_38437
324,medium_shot,1.0,38556,40245,40245_38556
325,medium_shot,1.0,38675,40245,40245_38675
326,close_up,1.0,38794,40245,40245_38794
327,medium_shot,1.0,38913,40245,40245_38913
328,close_up,1.0,39032,40245,40245_39032
329,medium_shot,1.0,39151,40245,40245_39151
330,close_up,1.0,39270,40245,40245_39270
331,close_up,1.0,39389,40245,40245_39389
332,medium_shot,1.0,39508,40245,40245_39508
333,medium_shot,1.0,39627,40245,40245_39627
334,medium_shot,1.0,39746,40245,40245_39746
335,medium_shot,1.0,39865,40245,40245_39865
336,medium_shot,1.0,39984,40245,40245_39984
337,close_up,1.0,40103,40245,40245_40103
338,medium_shot,1.0,40222,40245,40245_40222
339,close_up,1.0,40341,40245,40245_40341
340,close_up,1.0,40460,40245,40245_40460
341,close_up,1.0,40579,40245,40245_40579
342,close_up,1.0,40698,40245,40245_40698
343,close_up,1.0,40817,40245,40245_40817
344,close_up,1.0,40936,40245,40245_40936
345,close_up,1.0,41055,40245,40245_41055
346,close_up,1.0,41174,40245,40245_41174
347,close_up,1.0,41293,40245,40245_41293
348,close_up,1.0,41412,40245,40245_41412
349,close_up,1.0,41531,40245,40245_41531
350,medium_shot,1.0,41650,40245,40245_41650
351,medium_shot,1.0,41769,40245,40245_41769
352,medium_shot,1.0,41888,40245,40245_41888
353,medium_shot,1.0,42007,40245,40245_42007
354,medium_shot,1.0,42126,40245,40245_42126
355,medium_shot,1.0,42245,40245,40245_42245
356,medium_shot,1.0,42364,40245,40245_42364
357,close_up,1.0,42483,40245,40245_42483
358,close_up,1.0,42602,40245,40245_42602
359,close_up,1.0,42721,40245,40245_42721
360,medium_shot,1.0,42840,40245,40245_42840
361,close_up,1.0,42959,40245,40245_42959
362,medium_shot,1.0,43078,40245,40245_43078
363,medium_shot,1.0,43197,40245,40245_43197
364,medium_shot,1.0,43316,40245,40245_43316
365,medium_shot,1.0,43435,40245,40245_43435
366,medium_shot,1.0,43554,40245,40245_43554
367,medium_shot,1.0,43673,40245,40245_43673
368,medium_shot,1.0,43792,40245,40245_43792
369,medium_shot,1.0,43911,40245,40245_43911
370,close_up,1.0,44030,40245,40245_44030
371,medium_shot,1.0,44149,40245,40245_44149
372,medium_shot,1.0,44268,40245,40245_44268
373,medium_shot,1.0,44387,40245,40245_44387
374,medium_shot,1.0,44506,40245,40245_44506
375,medium_shot,1.0,44625,40245,40245_44625
376,medium_shot,1.0,44744,40245,40245_44744
377,medium_shot,1.0,44863,40245,40245_44863
378,medium_shot,1.0,44982,40245,40245_44982
379,medium_shot,1.0,45101,40245,40245_45101
380,medium_shot,1.0,45220,40245,40245_45220
381,medium_shot,1.0,45339,40245,40245_45339
382,medium_shot,1.0,45458,40245,40245_45458
383,medium_shot,1.0,45577,40245,40245_45577
384,medium_shot,1.0,45696,40245,40245_45696
385,medium_shot,1.0,45815,40245,40245_45815
386,medium_shot,1.0,45934,40245,40245_45934
387,medium_shot,1.0,46053,40245,40245_46053
388,medium_shot,1.0,46172,40245,40245_46172
389,medium_shot,1.0,46291,40245,40245_46291
390,medium_shot,1.0,46410,40245,40245_46410
391,medium_shot,1.0,46529,40245,40245_46529
392,medium_shot,1.0,46648,40245,40245_46648
393,medium_shot,1.0,46767,40245,40245_46767
394,close_up,1.0,46886,40245,40245_46886
395,medium_shot,1.0,47005,40245,40245_47005
396,medium_shot,1.0,47124,40245,40245_47124
397,medium_shot,1.0,47243,40245,40245_47243
398,medium_shot,1.0,47362,40245,40245_47362
399,medium_shot,1.0,47481,40245,40245_47481
400,medium_shot,1.0,47600,40245,40245_47600
401,medium_shot,1.0,47719,40245,40245_47719
402,medium_shot,1.0,47838,40245,40245_47838
403,medium_shot,1.0,47957,40245,40245_47957
404,medium_shot,1.0,48076,40245,40245_48076
405,medium_shot,1.0,48195,40245,40245_48195
406,close_up,1.0,48314,40245,40245_48314
407,medium_shot,1.0,48433,40245,40245_48433
408,close_up,1.0,48552,40245,40245_48552
409,medium_shot,1.0,48671,40245,40245_48671
410,medium_shot,1.0,48790,40245,40245_48790
411,medium_shot,1.0,48909,40245,40245_48909
412,close_up,1.0,49028,40245,40245_49028
413,medium_shot,0.9027004,49147,40245,40245_49147
414,medium_shot,1.0,49266,40245,40245_49266
415,medium_shot,1.0,49385,40245,40245_49385
416,medium_shot,1.0,49504,40245,40245_49504
417,medium_shot,1.0,49623,40245,40245_49623
418,medium_shot,1.0,49742,40245,40245_49742
419,medium_shot,1.0,49861,40245,40245_49861
420,medium_shot,1.0,49980,40245,40245_49980
421,medium_shot,1.0,50099,40245,40245_50099
422,close_up,1.0,50218,40245,40245_50218
423,medium_shot,1.0,50337,40245,40245_50337
424,medium_shot,1.0,50456,40245,40245_50456
425,medium_shot,1.0,50575,40245,40245_50575
426,medium_shot,1.0,50694,40245,40245_50694
427,medium_shot,1.0,50813,40245,40245_50813
428,medium_shot,1.0,50932,40245,40245_50932
429,medium_shot,1.0,51051,40245,40245_51051
430,medium_shot,1.0,51170,40245,40245_51170
431,medium_shot,1.0,51289,40245,40245_51289
432,medium_shot,1.0,51408,40245,40245_51408
433,medium_shot,1.0,51527,40245,40245_51527
434,medium_shot,1.0,51646,40245,40245_51646
435,medium_shot,1.0,51765,40245,40245_51765
436,medium_shot,1.0,51884,40245,40245_51884
437,medium_shot,1.0,52003,40245,40245_52003
438,medium_shot,1.0,52122,40245,40245_52122
439,medium_shot,1.0,52241,40245,40245_52241
440,medium_shot,1.0,52360,40245,40245_52360
441,medium_shot,1.0,52479,40245,40245_52479
442,medium_shot,1.0,52598,40245,40245_52598
443,medium_shot,1.0,52717,40245,40245_52717
444,medium_shot,1.0,52836,40245,40245_52836
445,medium_shot,1.0,52955,40245,40245_52955
446,medium_shot,1.0,53074,40245,40245_53074
447,medium_shot,1.0,53193,40245,40245_53193
448,medium_shot,1.0,53312,40245,40245_53312
449,medium_shot,1.0,53431,40245,40245_53431
450,medium_shot,1.0,53550,40245,40245_53550
451,medium_shot,1.0,53669,40245,40245_53669
452,medium_shot,1.0,53788,40245,40245_53788
453,medium_shot,1.0,53907,40245,40245_53907
454,medium_shot,1.0,54026,40245,40245_54026
455,medium_shot,1.0,54145,40245,40245_54145
456,medium_shot,1.0,54264,40245,40245_54264
457,medium_shot,1.0,54383,40245,40245_54383
458,medium_shot,1.0,54502,40245,40245_54502
459,medium_shot,1.0,54621,40245,40245_54621
460,medium_shot,1.0,54740,40245,40245_54740
461,medium_shot,1.0,54859,40245,40245_54859
462,close_up,1.0,54978,40245,40245_54978
463,medium_shot,1.0,55097,40245,40245_55097
464,medium_shot,1.0,55216,40245,40245_55216
465,medium_shot,1.0,55335,40245,40245_55335
466,medium_shot,1.0,55454,40245,40245_55454
467,medium_shot,1.0,55573,40245,40245_55573
468,medium_shot,1.0,55692,40245,40245_55692
469,medium_shot,1.0,55811,40245,40245_55811
470,medium_shot,1.0,55930,40245,40245_55930
471,medium_shot,1.0,56049,40245,40245_56049
472,medium_shot,1.0,56168,40245,40245_56168
473,medium_shot,1.0,56287,40245,40245_56287
474,medium_shot,1.0,56406,40245,40245_56406
475,medium_shot,1.0,56525,40245,40245_56525
476,medium_shot,1.0,56644,40245,40245_56644
477,medium_shot,1.0,56763,40245,40245_56763
478,medium_shot,1.0,56882,40245,40245_56882
479,medium_shot,1.0,57001,40245,40245_57001
480,medium_shot,1.0,57120,40245,40245_57120
481,medium_shot,1.0,57239,40245,40245_57239
482,medium_shot,1.0,57358,40245,40245_57358
483,medium_shot,1.0,57477,40245,40245_57477
484,medium_shot,1.0,57596,40245,40245_57596
485,medium_shot,1.0,57715,40245,40245_57715
486,medium_shot,1.0,57834,40245,40245_57834
487,medium_shot,1.0,57953,40245,40245_57953
488,medium_shot,1.0,58072,40245,40245_58072
489,medium_shot,1.0,58191,40245,40245_58191
490,medium_shot,1.0,58310,40245,40245_58310
491,medium_shot,1.0,58429,40245,40245_58429
492,medium_shot,1.0,58548,40245,40245_58548
493,medium_shot,1.0,58667,40245,40245_58667
494,medium_shot,1.0,58786,40245,40245_58786
495,medium_shot,1.0,58905,40245,40245_58905
496,medium_shot,1.0,59024,40245,40245_59024
497,medium_shot,1.0,59143,40245,40245_59143
498,medium_shot,1.0,59262,40245,40245_59262
499,medium_shot,1.0,59381,40245,40245_59381
500,medium_shot,1.0,59500,40245,40245_59500
501,medium_shot,1.0,59619,40245,40245_59619
502,medium_shot,1.0,59738,40245,40245_59738
503,medium_shot,1.0,59857,40245,40245_59857
504,medium_shot,1.0,59976,40245,40245_59976
505,medium_shot,1.0,60095,40245,40245_60095
506,medium_shot,1.0,60214,40245,40245_60214
507,medium_shot,1.0,60333,40245,40245_60333
508,medium_shot,1.0,60452,40245,40245_60452
509,medium_shot,1.0,60571,40245,40245_60571
510,medium_shot,1.0,60690,40245,40245_60690
511,medium_shot,1.0,60809,40245,40245_60809
512,medium_shot,1.0,60928,40245,40245_60928
513,medium_shot,1.0,61047,40245,40245_61047
514,medium_shot,1.0,61166,40245,40245_61166
515,medium_shot,1.0,61285,40245,40245_61285
516,medium_shot,1.0,61404,40245,40245_61404
517,close_up,1.0,61523,40245,40245_61523
518,close_up,1.0,61642,40245,40245_61642
519,medium_shot,1.0,61761,40245,40245_61761
520,close_up,1.0,61880,40245,40245_61880
521,medium_shot,1.0,61999,40245,40245_61999
522,close_up,1.0,62118,40245,40245_62118
523,close_up,1.0,62237,40245,40245_62237
524,close_up,1.0,62356,40245,40245_62356
525,medium_shot,1.0,62475,40245,40245_62475
526,medium_shot,1.0,62594,40245,40245_62594
527,close_up,1.0,62713,40245,40245_62713
528,close_up,1.0,62832,40245,40245_62832
529,medium_shot,1.0,62951,40245,40245_62951
530,medium_shot,1.0,63070,40245,40245_63070
531,medium_shot,1.0,63189,40245,40245_63189
532,medium_shot,1.0,63308,40245,40245_63308
533,close_up,1.0,63427,40245,40245_63427
534,medium_shot,1.0,63546,40245,40245_63546
535,close_up,1.0,63665,40245,40245_63665
536,medium_shot,1.0,63784,40245,40245_63784
537,medium_shot,1.0,63903,40245,40245_63903
538,medium_shot,1.0,64022,40245,40245_64022
539,medium_shot,1.0,64141,40245,40245_64141
540,medium_shot,1.0,64260,40245,40245_64260
541,medium_shot,1.0,64379,40245,40245_64379
542,medium_shot,1.0,64498,40245,40245_64498
543,medium_shot,1.0,64617,40245,40245_64617
544,medium_shot,1.0,64736,40245,40245_64736
545,medium_shot,1.0,64855,40245,40245_64855
546,medium_shot,1.0,64974,40245,40245_64974
547,medium_shot,1.0,65093,40245,40245_65093
548,medium_shot,1.0,65212,40245,40245_65212
549,close_up,1.0,65331,40245,40245_65331
550,medium_shot,1.0,65450,40245,40245_65450
551,close_up,1.0,65569,40245,40245_65569
552,medium_shot,1.0,65688,40245,40245_65688
553,medium_shot,1.0,65807,40245,40245_65807
554,medium_shot,1.0,65926,40245,40245_65926
555,medium_shot,1.0,66045,40245,40245_66045
556,close_up,1.0,66164,40245,40245_66164
557,close_up,1.0,66283,40245,40245_66283
558,medium_shot,1.0,66402,40245,40245_66402
559,medium_shot,1.0,66521,40245,40245_66521
560,medium_shot,1.0,66640,40245,40245_66640
561,medium_shot,1.0,66759,40245,40245_66759
562,medium_shot,1.0,66878,40245,40245_66878
563,medium_shot,1.0,66997,40245,40245_66997
564,medium_shot,1.0,67116,40245,40245_67116
565,medium_shot,1.0,67235,40245,40245_67235
566,medium_shot,1.0,67354,40245,40245_67354
567,medium_shot,1.0,67473,40245,40245_67473
568,medium_shot,1.0,67592,40245,40245_67592
569,medium_shot,1.0,67711,40245,40245_67711
570,close_up,1.0,67830,40245,40245_67830
571,medium_shot,1.0,67949,40245,40245_67949
572,medium_shot,1.0,68068,40245,40245_68068
573,medium_shot,1.0,68187,40245,40245_68187
574,medium_shot,1.0,68306,40245,40245_68306
575,medium_shot,1.0,68425,40245,40245_68425
576,medium_shot,1.0,68544,40245,40245_68544
577,medium_shot,1.0,68663,40245,40245_68663
578,medium_shot,1.0,68782,40245,40245_68782
579,medium_shot,1.0,68901,40245,40245_68901
580,medium_shot,1.0,69020,40245,40245_69020
581,medium_shot,1.0,69139,40245,40245_69139
582,medium_shot,1.0,69258,40245,40245_69258
583,medium_shot,1.0,69377,40245,40245_69377
584,medium_shot,1.0,69496,40245,40245_69496
585,medium_shot,1.0,69615,40245,40245_69615
586,medium_shot,1.0,69734,40245,40245_69734
587,medium_shot,1.0,69853,40245,40245_69853
588,medium_shot,1.0,69972,40245,40245_69972
589,close_up,1.0,70091,40245,40245_70091
590,medium_shot,0.74516666,70210,40245,40245_70210
591,medium_shot,1.0,70329,40245,40245_70329
592,medium_shot,1.0,70448,40245,40245_70448
593,medium_shot,1.0,70567,40245,40245_70567
594,close_up,0.9993493,70686,40245,40245_70686
595,medium_shot,1.0,70805,40245,40245_70805
596,medium_shot,1.0,70924,40245,40245_70924
597,medium_shot,1.0,71043,40245,40245_71043
598,medium_shot,1.0,71162,40245,40245_71162
599,medium_shot,1.0,71281,40245,40245_71281
600,medium_shot,1.0,71400,40245,40245_71400
601,medium_shot,1.0,71519,40245,40245_71519
602,medium_shot,1.0,71638,40245,40245_71638
603,medium_shot,1.0,71757,40245,40245_71757
604,medium_shot,1.0,71876,40245,40245_71876
605,medium_shot,1.0,71995,40245,40245_71995
606,medium_shot,1.0,72114,40245,40245_72114
607,medium_shot,1.0,72233,40245,40245_72233
608,medium_shot,1.0,72352,40245,40245_72352
609,medium_shot,1.0,72471,40245,40245_72471
610,medium_shot,1.0,72590,40245,40245_72590
611,medium_shot,1.0,72709,40245,40245_72709
612,medium_shot,1.0,72828,40245,40245_72828
613,medium_shot,1.0,72947,40245,40245_72947
614,medium_shot,1.0,73066,40245,40245_73066
615,medium_shot,1.0,73185,40245,40245_73185
616,medium_shot,1.0,73304,40245,40245_73304
617,medium_shot,1.0,73423,40245,40245_73423
618,medium_shot,1.0,73542,40245,40245_73542
619,medium_shot,1.0,73661,40245,40245_73661
620,medium_shot,1.0,73780,40245,40245_73780
621,medium_shot,1.0,73899,40245,40245_73899
622,medium_shot,1.0,74018,40245,40245_74018
623,medium_shot,1.0,74137,40245,40245_74137
624,medium_shot,1.0,74256,40245,40245_74256
625,medium_shot,1.0,74375,40245,40245_74375
626,medium_shot,1.0,74494,40245,40245_74494
627,medium_shot,1.0,74613,40245,40245_74613
628,medium_shot,1.0,74732,40245,40245_74732
629,medium_shot,1.0,74851,40245,40245_74851
630,medium_shot,1.0,74970,40245,40245_74970
631,medium_shot,1.0,75089,40245,40245_75089
632,medium_shot,1.0,75208,40245,40245_75208
633,medium_shot,1.0,75327,40245,40245_75327
634,medium_shot,1.0,75446,40245,40245_75446
635,medium_shot,1.0,75565,40245,40245_75565
636,medium_shot,1.0,75684,40245,40245_75684
637,medium_shot,1.0,75803,40245,40245_75803
638,medium_shot,1.0,75922,40245,40245_75922
639,medium_shot,1.0,76041,40245,40245_76041
640,medium_shot,1.0,76160,40245,40245_76160
641,close_up,1.0,76279,40245,40245_76279
642,medium_shot,1.0,76398,40245,40245_76398
643,medium_shot,1.0,76517,40245,40245_76517
644,medium_shot,1.0,76636,40245,40245_76636
645,medium_shot,1.0,76755,40245,40245_76755
646,medium_shot,1.0,76874,40245,40245_76874
647,medium_shot,1.0,76993,40245,40245_76993
648,medium_shot,1.0,77112,40245,40245_77112
649,medium_shot,0.6778402,77231,40245,40245_77231
650,close_up,1.0,77350,40245,40245_77350
651,close_up,1.0,77469,40245,40245_77469
652,close_up,1.0,77588,40245,40245_77588
653,medium_shot,1.0,77707,40245,40245_77707
654,medium_shot,1.0,77826,40245,40245_77826
655,medium_shot,1.0,77945,40245,40245_77945
656,medium_shot,1.0,78064,40245,40245_78064
657,medium_shot,1.0,78183,40245,40245_78183
658,medium_shot,1.0,78302,40245,40245_78302
659,medium_shot,1.0,78421,40245,40245_78421
660,medium_shot,1.0,78540,40245,40245_78540
661,medium_shot,1.0,78659,40245,40245_78659
662,medium_shot,1.0,78778,40245,40245_78778
663,medium_shot,1.0,78897,40245,40245_78897
664,close_up,1.0,79016,40245,40245_79016
665,medium_shot,1.0,79135,40245,40245_79135
666,medium_shot,1.0,79254,40245,40245_79254
667,close_up,1.0,79373,40245,40245_79373
668,medium_shot,1.0,79492,40245,40245_79492
669,medium_shot,1.0,79611,40245,40245_79611
670,medium_shot,1.0,79730,40245,40245_79730
671,medium_shot,1.0,79849,40245,40245_79849
672,close_up,1.0,79968,40245,40245_79968
673,medium_shot,1.0,80087,40245,40245_80087
674,medium_shot,0.9999964,80206,40245,40245_80206
675,close_up,1.0,80325,40245,40245_80325
676,medium_shot,1.0,80444,40245,40245_80444
677,medium_shot,1.0,80563,40245,40245_80563
678,medium_shot,1.0,80682,40245,40245_80682
679,medium_shot,1.0,80801,40245,40245_80801
680,close_up,1.0,80920,40245,40245_80920
681,close_up,1.0,81039,40245,40245_81039
682,close_up,0.9997141,81158,40245,40245_81158
683,medium_shot,1.0,81277,40245,40245_81277
684,medium_shot,1.0,81396,40245,40245_81396
685,medium_shot,1.0,81515,40245,40245_81515
686,medium_shot,1.0,81634,40245,40245_81634
687,medium_shot,1.0,81753,40245,40245_81753
688,medium_shot,1.0,81872,40245,40245_81872
689,medium_shot,1.0,81991,40245,40245_81991
690,medium_shot,1.0,82110,40245,40245_82110
691,medium_shot,1.0,82229,40245,40245_82229
692,medium_shot,1.0,82348,40245,40245_82348
693,medium_shot,1.0,82467,40245,40245_82467
694,medium_shot,1.0,82586,40245,40245_82586
695,close_up,1.0,82705,40245,40245_82705
696,close_up,1.0,82824,40245,40245_82824
697,medium_shot,1.0,82943,40245,40245_82943
698,close_up,1.0,83062,40245,40245_83062
699,medium_shot,1.0,83181,40245,40245_83181
700,medium_shot,1.0,83300,40245,40245_83300
701,medium_shot,1.0,83419,40245,40245_83419
702,medium_shot,1.0,83538,40245,40245_83538
703,medium_shot,1.0,83657,40245,40245_83657
704,medium_shot,1.0,83776,40245,40245_83776
705,medium_shot,1.0,83895,40245,40245_83895
706,medium_shot,1.0,84014,40245,40245_84014
707,medium_shot,1.0,84133,40245,40245_84133
708,medium_shot,1.0,84252,40245,40245_84252
709,medium_shot,1.0,84371,40245,40245_84371
710,medium_shot,1.0,84490,40245,40245_84490
711,medium_shot,1.0,84609,40245,40245_84609
712,medium_shot,1.0,84728,40245,40245_84728
713,medium_shot,1.0,84847,40245,40245_84847
714,medium_shot,1.0,84966,40245,40245_84966
715,medium_shot,1.0,85085,40245,40245_85085
716,medium_shot,1.0,85204,40245,40245_85204
717,medium_shot,1.0,85323,40245,40245_85323
718,close_up,1.0,85442,40245,40245_85442
719,close_up,1.0,85561,40245,40245_85561
720,medium_shot,1.0,85680,40245,40245_85680
721,medium_shot,1.0,85799,40245,40245_85799
722,medium_shot,1.0,85918,40245,40245_85918
723,medium_shot,1.0,86037,40245,40245_86037
724,medium_shot,1.0,86156,40245,40245_86156
725,close_up,1.0,86275,40245,40245_86275
726,close_up,1.0,86394,40245,40245_86394
727,close_up,1.0,86513,40245,40245_86513
728,close_up,1.0,86632,40245,40245_86632
729,close_up,1.0,86751,40245,40245_86751
730,close_up,1.0,86870,40245,40245_86870
731,close_up,1.0,86989,40245,40245_86989
732,close_up,1.0,87108,40245,40245_87108
733,close_up,1.0,87227,40245,40245_87227
734,medium_shot,1.0,87346,40245,40245_87346
735,medium_shot,1.0,87465,40245,40245_87465
736,medium_shot,1.0,87584,40245,40245_87584
737,medium_shot,1.0,87703,40245,40245_87703
738,close_up,1.0,87822,40245,40245_87822
739,medium_shot,1.0,87941,40245,40245_87941
740,medium_shot,1.0,88060,40245,40245_88060
741,medium_shot,1.0,88179,40245,40245_88179
742,close_up,1.0,88298,40245,40245_88298
743,close_up,1.0,88417,40245,40245_88417
744,close_up,1.0,88536,40245,40245_88536
745,medium_shot,1.0,88655,40245,40245_88655
746,medium_shot,1.0,88774,40245,40245_88774
747,medium_shot,1.0,88893,40245,40245_88893
748,medium_shot,1.0,89012,40245,40245_89012
749,medium_shot,1.0,89131,40245,40245_89131
750,medium_shot,1.0,89250,40245,40245_89250
751,medium_shot,1.0,89369,40245,40245_89369
752,medium_shot,1.0,89488,40245,40245_89488
753,medium_shot,1.0,89607,40245,40245_89607
754,medium_shot,1.0,89726,40245,40245_89726
755,medium_shot,1.0,89845,40245,40245_89845
756,medium_shot,1.0,89964,40245,40245_89964
757,medium_shot,1.0,90083,40245,40245_90083
758,medium_shot,1.0,90202,40245,40245_90202
759,medium_shot,1.0,90321,40245,40245_90321
760,medium_shot,1.0,90440,40245,40245_90440
761,medium_shot,1.0,90559,40245,40245_90559
762,medium_shot,1.0,90678,40245,40245_90678
763,close_up,1.0,90797,40245,40245_90797
764,close_up,1.0,90916,40245,40245_90916
765,close_up,1.0,91035,40245,40245_91035
766,close_up,1.0,91154,40245,40245_91154
767,medium_shot,1.0,91273,40245,40245_91273
768,medium_shot,1.0,91392,40245,40245_91392
769,close_up,1.0,91511,40245,40245_91511
770,medium_shot,1.0,91630,40245,40245_91630
771,close_up,1.0,91749,40245,40245_91749
772,close_up,1.0,91868,40245,40245_91868
773,close_up,1.0,91987,40245,40245_91987
774,close_up,1.0,92106,40245,40245_92106
775,close_up,1.0,92225,40245,40245_92225
776,medium_shot,1.0,92344,40245,40245_92344
777,medium_shot,1.0,92463,40245,40245_92463
778,medium_shot,1.0,92582,40245,40245_92582
779,medium_shot,1.0,92701,40245,40245_92701
780,medium_shot,1.0,92820,40245,40245_92820
781,medium_shot,1.0,92939,40245,40245_92939
782,medium_shot,1.0,93058,40245,40245_93058
783,medium_shot,1.0,93177,40245,40245_93177
784,medium_shot,1.0,93296,40245,40245_93296
785,medium_shot,1.0,93415,40245,40245_93415
786,medium_shot,1.0,93534,40245,40245_93534
787,medium_shot,1.0,93653,40245,40245_93653
788,medium_shot,1.0,93772,40245,40245_93772
789,medium_shot,1.0,93891,40245,40245_93891
790,close_up,1.0,94010,40245,40245_94010
791,close_up,1.0,94129,40245,40245_94129
792,medium_shot,1.0,94248,40245,40245_94248
793,medium_shot,1.0,94367,40245,40245_94367
794,medium_shot,1.0,94486,40245,40245_94486
795,medium_shot,1.0,94605,40245,40245_94605
796,medium_shot,1.0,94724,40245,40245_94724
797,medium_shot,1.0,94843,40245,40245_94843
798,medium_shot,1.0,94962,40245,40245_94962
799,medium_shot,1.0,95081,40245,40245_95081
800,medium_shot,1.0,95200,40245,40245_95200
801,medium_shot,1.0,95319,40245,40245_95319
802,medium_shot,1.0,95438,40245,40245_95438
803,medium_shot,1.0,95557,40245,40245_95557
804,medium_shot,1.0,95676,40245,40245_95676
805,medium_shot,1.0,95795,40245,40245_95795
806,medium_shot,1.0,95914,40245,40245_95914
807,medium_shot,1.0,96033,40245,40245_96033
808,close_up,1.0,96152,40245,40245_96152
809,medium_shot,1.0,96271,40245,40245_96271
810,medium_shot,1.0,96390,40245,40245_96390
811,medium_shot,1.0,96509,40245,40245_96509
812,medium_shot,1.0,96628,40245,40245_96628
813,medium_shot,1.0,96747,40245,40245_96747
814,medium_shot,1.0,96866,40245,40245_96866
815,medium_shot,1.0,96985,40245,40245_96985
816,medium_shot,1.0,97104,40245,40245_97104
817,medium_shot,1.0,97223,40245,40245_97223
818,close_up,1.0,97342,40245,40245_97342
819,medium_shot,1.0,97461,40245,40245_97461
820,close_up,1.0,97580,40245,40245_97580
821,medium_shot,1.0,97699,40245,40245_97699
822,medium_shot,1.0,97818,40245,40245_97818
823,medium_shot,1.0,97937,40245,40245_97937
824,medium_shot,1.0,98056,40245,40245_98056
825,medium_shot,1.0,98175,40245,40245_98175
826,medium_shot,1.0,98294,40245,40245_98294
827,medium_shot,1.0,98413,40245,40245_98413
828,medium_shot,1.0,98532,40245,40245_98532
829,medium_shot,1.0,98651,40245,40245_98651
830,medium_shot,1.0,98770,40245,40245_98770
831,medium_shot,1.0,98889,40245,40245_98889
832,medium_shot,1.0,99008,40245,40245_99008
833,close_up,1.0,99127,40245,40245_99127
834,medium_shot,1.0,99246,40245,40245_99246
835,medium_shot,1.0,99365,40245,40245_99365
836,medium_shot,1.0,99484,40245,40245_99484
837,close_up,1.0,99603,40245,40245_99603
838,medium_shot,1.0,99722,40245,40245_99722
839,medium_shot,1.0,99841,40245,40245_99841
840,medium_shot,1.0,99960,40245,40245_99960
841,medium_shot,1.0,100079,40245,40245_100079
842,medium_shot,1.0,100198,40245,40245_100198
843,medium_shot,1.0,100317,40245,40245_100317
844,medium_shot,1.0,100436,40245,40245_100436
845,medium_shot,1.0,100555,40245,40245_100555
846,medium_shot,1.0,100674,40245,40245_100674
847,close_up,1.0,100793,40245,40245_100793
848,close_up,0.9990061,100912,40245,40245_100912
849,medium_shot,1.0,101031,40245,40245_101031
850,medium_shot,1.0,101150,40245,40245_101150
851,medium_shot,1.0,101269,40245,40245_101269
852,close_up,1.0,101388,40245,40245_101388
853,close_up,1.0,101507,40245,40245_101507
854,close_up,1.0,101626,40245,40245_101626
855,medium_shot,1.0,101745,40245,40245_101745
856,close_up,1.0,101864,40245,40245_101864
857,medium_shot,1.0,101983,40245,40245_101983
858,medium_shot,1.0,102102,40245,40245_102102
859,medium_shot,1.0,102221,40245,40245_102221
860,medium_shot,1.0,102340,40245,40245_102340
861,medium_shot,1.0,102459,40245,40245_102459
862,medium_shot,1.0,102578,40245,40245_102578
863,medium_shot,1.0,102697,40245,40245_102697
864,medium_shot,1.0,102816,40245,40245_102816
865,medium_shot,1.0,102935,40245,40245_102935
866,medium_shot,1.0,103054,40245,40245_103054
867,medium_shot,1.0,103173,40245,40245_103173
868,medium_shot,1.0,103292,40245,40245_103292
869,medium_shot,1.0,103411,40245,40245_103411
870,medium_shot,1.0,103530,40245,40245_103530
871,medium_shot,1.0,103649,40245,40245_103649
872,medium_shot,1.0,103768,40245,40245_103768
873,medium_shot,1.0,103887,40245,40245_103887
874,medium_shot,1.0,104006,40245,40245_104006
875,medium_shot,1.0,104125,40245,40245_104125
876,medium_shot,1.0,104244,40245,40245_104244
877,medium_shot,1.0,104363,40245,40245_104363
878,medium_shot,0.99997663,104482,40245,40245_104482
879,close_up,1.0,104601,40245,40245_104601
880,medium_shot,1.0,104720,40245,40245_104720
881,close_up,1.0,104839,40245,40245_104839
882,medium_shot,1.0,104958,40245,40245_104958
883,close_up,1.0,105077,40245,40245_105077
884,medium_shot,1.0,105196,40245,40245_105196
885,medium_shot,1.0,105315,40245,40245_105315
886,medium_shot,1.0,105434,40245,40245_105434
887,medium_shot,1.0,105553,40245,40245_105553
888,close_up,1.0,105672,40245,40245_105672
889,medium_shot,1.0,105791,40245,40245_105791
890,medium_shot,1.0,105910,40245,40245_105910
891,close_up,1.0,106029,40245,40245_106029
892,medium_shot,1.0,106148,40245,40245_106148
893,medium_shot,1.0,106267,40245,40245_106267
894,medium_shot,1.0,106386,40245,40245_106386
895,medium_shot,1.0,106505,40245,40245_106505
896,close_up,1.0,106624,40245,40245_106624
897,medium_shot,1.0,106743,40245,40245_106743
898,close_up,1.0,106862,40245,40245_106862
899,close_up,1.0,106981,40245,40245_106981
900,medium_shot,1.0,107100,40245,40245_107100
901,medium_shot,1.0,107219,40245,40245_107219
902,medium_shot,1.0,107338,40245,40245_107338
903,medium_shot,1.0,107457,40245,40245_107457
904,medium_shot,1.0,107576,40245,40245_107576
905,medium_shot,1.0,107695,40245,40245_107695
906,medium_shot,1.0,107814,40245,40245_107814
907,medium_shot,1.0,107933,40245,40245_107933
908,medium_shot,1.0,108052,40245,40245_108052
909,medium_shot,1.0,108171,40245,40245_108171
910,medium_shot,1.0,108290,40245,40245_108290
911,medium_shot,1.0,108409,40245,40245_108409
912,medium_shot,1.0,108528,40245,40245_108528
913,medium_shot,1.0,108647,40245,40245_108647
914,medium_shot,1.0,108766,40245,40245_108766
915,medium_shot,1.0,108885,40245,40245_108885
916,medium_shot,1.0,109004,40245,40245_109004
917,long_shot,0.83117294,109123,40245,40245_109123
918,close_up,1.0,109242,40245,40245_109242
919,medium_shot,1.0,109361,40245,40245_109361
920,medium_shot,1.0,109480,40245,40245_109480
921,medium_shot,1.0,109599,40245,40245_109599
922,medium_shot,1.0,109718,40245,40245_109718
923,close_up,1.0,109837,40245,40245_109837
924,medium_shot,1.0,109956,40245,40245_109956
925,medium_shot,1.0,110075,40245,40245_110075
926,medium_shot,1.0,110194,40245,40245_110194
927,medium_shot,1.0,110313,40245,40245_110313
928,medium_shot,0.99935514,110432,40245,40245_110432
929,medium_shot,1.0,110551,40245,40245_110551
930,medium_shot,1.0,110670,40245,40245_110670
931,medium_shot,1.0,110789,40245,40245_110789
932,medium_shot,1.0,110908,40245,40245_110908
933,medium_shot,1.0,111027,40245,40245_111027
934,medium_shot,1.0,111146,40245,40245_111146
935,medium_shot,1.0,111265,40245,40245_111265
936,medium_shot,1.0,111384,40245,40245_111384
937,close_up,1.0,111503,40245,40245_111503
938,close_up,1.0,111622,40245,40245_111622
939,close_up,1.0,111741,40245,40245_111741
940,close_up,1.0,111860,40245,40245_111860
941,close_up,1.0,111979,40245,40245_111979
942,medium_shot,1.0,112098,40245,40245_112098
943,close_up,1.0,112217,40245,40245_112217
944,medium_shot,1.0,112336,40245,40245_112336
945,close_up,0.99999976,112455,40245,40245_112455
946,medium_shot,1.0,112574,40245,40245_112574
947,medium_shot,1.0,112693,40245,40245_112693
948,medium_shot,1.0,112812,40245,40245_112812
949,close_up,0.919861,112931,40245,40245_112931
950,close_up,1.0,113050,40245,40245_113050
951,close_up,1.0,113169,40245,40245_113169
952,medium_shot,1.0,113288,40245,40245_113288
953,medium_shot,1.0,113407,40245,40245_113407
954,medium_shot,1.0,113526,40245,40245_113526
955,medium_shot,1.0,113645,40245,40245_113645
956,close_up,1.0,113764,40245,40245_113764
957,medium_shot,1.0,113883,40245,40245_113883
958,close_up,1.0,114002,40245,40245_114002
959,close_up,1.0,114121,40245,40245_114121
960,close_up,1.0,114240,40245,40245_114240
961,close_up,1.0,114359,40245,40245_114359
962,close_up,1.0,114478,40245,40245_114478
963,close_up,1.0,114597,40245,40245_114597
964,medium_shot,1.0,114716,40245,40245_114716
965,medium_shot,1.0,114835,40245,40245_114835
966,close_up,1.0,114954,40245,40245_114954
967,medium_shot,1.0,115073,40245,40245_115073
968,medium_shot,1.0,115192,40245,40245_115192
969,medium_shot,1.0,115311,40245,40245_115311
970,medium_shot,1.0,115430,40245,40245_115430
971,close_up,1.0,115549,40245,40245_115549
972,medium_shot,1.0,115668,40245,40245_115668
973,close_up,1.0,115787,40245,40245_115787
974,close_up,1.0,115906,40245,40245_115906
975,close_up,1.0,116025,40245,40245_116025
976,close_up,1.0,116144,40245,40245_116144
977,medium_shot,1.0,116263,40245,40245_116263
978,medium_shot,1.0,116382,40245,40245_116382
979,medium_shot,1.0,116501,40245,40245_116501
980,medium_shot,1.0,116620,40245,40245_116620
981,medium_shot,1.0,116739,40245,40245_116739
982,medium_shot,1.0,116858,40245,40245_116858
983,medium_shot,1.0,116977,40245,40245_116977
984,medium_shot,1.0,117096,40245,40245_117096
985,medium_shot,1.0,117215,40245,40245_117215
986,medium_shot,1.0,117334,40245,40245_117334
987,medium_shot,1.0,117453,40245,40245_117453
988,medium_shot,1.0,117572,40245,40245_117572
989,close_up,1.0,117691,40245,40245_117691
990,close_up,1.0,117810,40245,40245_117810
991,close_up,1.0,117929,40245,40245_117929
992,medium_shot,1.0,118048,40245,40245_118048
993,medium_shot,1.0,118167,40245,40245_118167
994,medium_shot,1.0,118286,40245,40245_118286
995,close_up,1.0,118405,40245,40245_118405
996,medium_shot,1.0,118524,40245,40245_118524
997,close_up,1.0,118643,40245,40245_118643
998,close_up,1.0,118762,40245,40245_118762
999,medium_shot,0.9989104,118881,40245,40245_118881
1000,medium_shot,1.0,119000,40245,40245_119000
1001,close_up,1.0,119119,40245,40245_119119
1002,close_up,1.0,119238,40245,40245_119238
1003,medium_shot,1.0,119357,40245,40245_119357
1004,medium_shot,1.0,119476,40245,40245_119476
1005,medium_shot,1.0,119595,40245,40245_119595
1006,medium_shot,1.0,119714,40245,40245_119714
1007,medium_shot,1.0,119833,40245,40245_119833
1008,close_up,1.0,119952,40245,40245_119952
1009,close_up,1.0,120071,40245,40245_120071
1010,medium_shot,1.0,120190,40245,40245_120190
1011,close_up,0.99999833,120309,40245,40245_120309
1012,close_up,1.0,120428,40245,40245_120428
1013,medium_shot,1.0,120547,40245,40245_120547
1014,medium_shot,1.0,120666,40245,40245_120666
1015,medium_shot,1.0,120785,40245,40245_120785
1016,medium_shot,1.0,120904,40245,40245_120904
1017,medium_shot,1.0,121023,40245,40245_121023
1018,medium_shot,1.0,121142,40245,40245_121142
1019,medium_shot,1.0,121261,40245,40245_121261
1020,close_up,1.0,121380,40245,40245_121380
1021,close_up,1.0,121499,40245,40245_121499
1022,close_up,1.0,121618,40245,40245_121618
1023,medium_shot,1.0,121737,40245,40245_121737
1024,medium_shot,1.0,121856,40245,40245_121856
1025,medium_shot,1.0,121975,40245,40245_121975
1026,medium_shot,1.0,122094,40245,40245_122094
1027,medium_shot,1.0,122213,40245,40245_122213
1028,medium_shot,1.0,122332,40245,40245_122332
1029,close_up,1.0,122451,40245,40245_122451
1030,close_up,1.0,122570,40245,40245_122570
1031,medium_shot,1.0,122689,40245,40245_122689
1032,medium_shot,1.0,122808,40245,40245_122808
1033,close_up,1.0,122927,40245,40245_122927
1034,medium_shot,1.0,123046,40245,40245_123046
1035,close_up,1.0,123165,40245,40245_123165
1036,close_up,1.0,123284,40245,40245_123284
1037,medium_shot,1.0,123403,40245,40245_123403
1038,medium_shot,1.0,123522,40245,40245_123522
1039,close_up,0.70303524,123641,40245,40245_123641
1040,medium_shot,1.0,123760,40245,40245_123760
1041,medium_shot,1.0,123879,40245,40245_123879
1042,medium_shot,1.0,123998,40245,40245_123998
1043,medium_shot,1.0,124117,40245,40245_124117
1044,medium_shot,1.0,124236,40245,40245_124236
1045,medium_shot,1.0,124355,40245,40245_124355
1046,close_up,0.9943235,124474,40245,40245_124474
1047,medium_shot,1.0,124593,40245,40245_124593
1048,medium_shot,1.0,124712,40245,40245_124712
1049,medium_shot,1.0,124831,40245,40245_124831
1050,medium_shot,1.0,124950,40245,40245_124950
1051,close_up,1.0,125069,40245,40245_125069
1052,medium_shot,1.0,125188,40245,40245_125188
1053,close_up,1.0,125307,40245,40245_125307
1054,long_shot,0.92351174,125426,40245,40245_125426
